Hallo day 17
0
48
392
3144
25160
25208
3176
25416
203360
424
3400
27208
27256
3432
27464
219744
3440
27536
220288
1762352
14098832
112790688
902325536
7218604320
57748834576
461990676648
3695925413184
3695925413216
3695925413240
29567403305920
236539226447400
29567403305928
236539226447464
Found solution for A=236539226447469
29567403305936
236539226447488
236539226447528
236539226447544
Found solution for A=236539226447551
902325560
7218604512
57748836112
461990688936
3695925511488
3695925511520
3695925511544
29567404092352
236539232738856
29567404092360
236539232738920
Found solution for A=236539232738925
29567404092368
236539232738944
236539232738984
236539232739000
Found solution for A=236539232739007
220336
A = -1
